4294967278,15
4294967278,18
4294967278,17
4294967278,16
4294967279,546
4294967278,28
4294967278,27
4294967278,26
4294967278,25
4294967278,24
4294967278,23
4294967278,22
4294967278,21
4294967278,20
4294967278,19
4294967279,545
4294967278,52
4294967278,51
4294967278,50
4294967278,49
4294967278,48
4294967278,47
4294967278,46
4294967278,45
4294967278,44
4294967278,43
4294967278,42
4294967278,41
4294967278,40
4294967278,39
4294967278,38
4294967278,37
4294967278,36
4294967278,35
4294967278,34
4294967278,33
4294967278,32
4294967278,31
4294967278,30
4294967278,29
4294967279,64
4294967279,544
4294967278,307
4294967294,424
4294967294,417
4294967294,51
4294967279,168
4294967278,167
4294967294,107
4294967294,106
4294967294,419
4294967294,471
4294967294,2
4294967294,0
4294967294,469
4294967294,149
4294967294,29
4294967294,128
4294967294,28
4294967294,91
4294967294,90
4294967294,87
4294967294,86
4294967294,85
4294967294,84
4294967294,196
4294967294,194
4294967294,193
4294967294,1012
4294967294,1008
4294967294,1006
4294967294,1004
4294967294,1002
4294967294,999
4294967294,998
4294967294,997
4294967294,995
4294967294,143
4294967294,142
4294967294,140
4294967294,139
4294967294,134
4294967294,1018
4294967294,992
4294967294,990
4294967294,989
4294967294,988
4294967294,987
4294967294,60
4294967278,166
4294967278,165
4294967294,10
4294967294,199
4294967294,198
4294967294,197
4294967294,195
4294967294,192
4294967294,1015
4294967294,1014
4294967294,1013
4294967294,1011
4294967294,1009
4294967294,1007
4294967294,996
4294967294,401
4294967294,190
4294967294,185
4294967294,182
4294967294,176
4294967294,173
4294967294,170
4294967294,163
4294967294,162
4294967294,161
4294967294,127
4294967294,14
4294967294,126
4294967294,13
4294967279,61
4294967279,59
4294967279,58
4294967279,56
4294967279,55
4294967279,294
4294967279,163
4294967279,291
4294967279,161
4294967294,202
4294967294,1415
4294967294,83
4294967279,54
4294967279,53
4294967279,293
4294967279,52
4294967279,49
4294967279,47
4294967279,45
4294967279,44
4294967279,42
4294967279,41
4294967279,39
4294967279,38
4294967279,543
4294967279,46
4294967294,5
27,8
27,7
27,6
4294967279,157
4294967279,154
4294967279,151
4294967279,149
21,18
4294967279,147
4294967279,146
4294967279,145
4294967279,144
4294967279,142
4294967279,542
25,11
25,10
25,5
25,9
21,17
21,11
21,16
4294967279,37
4294967279,35
4294967279,33
4294967279,31
4294967279,29
4294967279,28
4294967279,27
4294967279,26
4294967279,25
4294967279,23
4294967279,22
4294967279,21
4294967279,19
4294967279,140
4294967279,138
21,15
4294967278,0
4294967279,541
21,14
25,8
4294967279,272
4294967279,136
21,13
21,12
21,5
25,7
25,6
4294967279,133
21,10
4294967279,270
4294967279,281
4294967279,279
4294967279,277
4294967279,265
4294967279,264
4294967279,263
4294967279,17
4294967279,14
4294967279,13
4294967279,11
4294967278,215
21,9
4294967278,206
4294967278,201
4294967278,199
4294967278,198
4294967278,197
4294967278,196
4294967278,195
4294967278,194
4294967278,193
4294967278,192
4294967278,191
4294967278,190
4294967278,189
4294967278,188
4294967278,187
4294967278,186
4294967278,185
4294967278,184
4294967278,183
4294967278,182
4294967278,181
4294967278,180
4294967278,179
4294967278,178
4294967279,178
4294967278,177
4294967278,176
4294967278,175
4294967278,173
4294967278,172
4294967279,172
4294967278,171
4294967279,171
4294967278,170
4294967279,170
4294967278,169
4294967278,168
4294967279,167
4294967279,166
4294967279,164
4294967279,160
4294967279,159
4294967279,158
4294967279,155
21,8
4294967279,153
4294967279,152
4294967279,150
4294967279,148
4294967279,143
4294967279,141
4294967279,139
4294967279,135
4294967279,134
4294967279,271
4294967279,267
21,7
21,6
4294967279,262
4294967279,261
4294967279,275
4294967279,258
4294967279,257
4294967279,256
4294967279,255
4294967279,254
4294967279,253
4294967278,258
4294967278,257
4294967278,329
4294967278,335
4294967278,334
4294967278,333
4294967278,332
4294967278,327
4294967278,254
4294967278,325
4294967278,253
4294967278,250
4294967278,248
4294967278,246
4294967278,244
4294967278,242
4294967278,240
4294967278,238
4294967278,237
4294967278,236
4294967278,234
4294967278,232
4294967278,230
4294967278,228
4294967278,226
4294967278,224
4294967278,222
4294967278,220
4294967278,218
4294967278,216
4294967278,214
4294967278,213
4294967278,212
4294967278,211
4294967278,210
4294967278,209
4294967278,208
4294967278,207
4294967278,339
4294967278,205
4294967278,204
4294967278,203
4294967278,202
4294967278,200
4294967294,50
4294967294,1016
4294967294,27
4294967294,93
4294967294,95
4294967294,189
4294967294,384
4294967294,7
4294967294,6
4294967294,470
4294967294,1017
4294967278,132
4294967278,131
4294967278,130
4294967278,129
4294967278,128
4294967278,127
4294967278,126
4294967278,125
4294967278,124
4294967278,123
4294967278,122
4294967278,121
4294967278,120
4294967278,119
4294967278,118
4294967278,117
4294967278,116
